mo  raw9_p05  camp2_p05  | raw9_p10  camp2_p10   (nominal .05 / .10)
 1   0.104     0.122    |  0.169    0.185
 2   0.194     0.205    |  0.269    0.286
 3   0.107     0.127    |  0.163    0.188
 4   0.102     0.134    |  0.165    0.192
 5   0.057     0.083    |  0.109    0.131
 6   0.040     0.059    |  0.074    0.095
 7   0.057     0.080    |  0.105    0.133
 8   0.100     0.119    |  0.159    0.176
 9   0.121     0.157    |  0.192    0.228
10   0.071     0.091    |  0.119    0.143
11   0.088     0.112    |  0.146    0.171
12   0.086     0.093    |  0.133    0.137

FEB(2): raw9 p05 0.194 camp2 0.205 | MAR(3): raw9 0.107 camp2 0.127  (nominal .05)
saved
EC2DONE 
